('根节点', 0, 0, 0)
('公司业务', 79, 1, 0)
('企业年金', 124, 1, 0)
('机构业务', 117, 1, 0)
('投资银行', 127, 1, 0)
('产品服务', 37, 1, 0)
('个人金融', 42, 1, 0)
('电子银行', 1, 1, 0)
('个人业务', 40, 1, 0)
('牡丹卡', 74, 1, 0)
('小微金融', 136, 1, 0)
('金融市场专区', 128, 1, 0)
('资产托管', 122, 1, 0)
('电子银行产品', 2, 2, 1)
('企业电子银行产品', 19, 2, 1)
('个人产品', 38, 2, 37)
('银行卡', 41, 2, 40)
('贷款', 52, 2, 42)
('个人服务', 62, 2, 42)
('信用卡', 70, 2, 42)
('存款', 46, 2, 42)
('银行卡', 41, 2, 42)
('跨境金融', 64, 2, 42)
('便利金融', 58, 2, 42)
('卡片世界', 75, 2, 74)
('企业服务', 80, 2, 79)
('产品服务', 37, 2, 117)
('产品推荐', 123, 2, 122)
('年金服务', 125, 2, 124)
('产品服务', 37, 2, 127)
('产品服务', 37, 2, 128)
('信贷产品', 137, 2, 136)
('账户管理', 20, 3, 2)
('金融a家产品', 15, 3, 2)
('信用卡服务', 23, 3, 2)
('汇款服务', 21, 3, 2)
('安全服务', 24, 3, 2)
('投资理财', 3, 3, 2)
('支付缴费', 12, 3, 2)
('账户管理', 20, 3, 19)
('电子商务', 32, 3, 19)
('信贷业务', 36, 3, 19)
('结算服务', 22, 3, 19)
('投资理财', 3, 3, 19)
('安全服务', 24, 3, 19)
('同业产品', 132, 3, 37)
('银行同业合作业务', 120, 3, 37)
('个人产品', 38, 3, 37)
('公司与机构产品', 129, 3, 37)
('银期合作业务', 121, 3, 37)
('银政合作业务', 119, 3, 37)
('银保合作业务', 118, 3, 37)
('投资交易类', 39, 3, 38)
('主题借记卡', 44, 3, 41)
('联名借记卡', 45, 3, 41)
('标准借记卡', 43, 3, 41)
('相关服务', 50, 3, 46)
('定期存款', 48, 3, 46)
('活期存款', 47, 3, 46)
('通知存款', 51, 3, 46)
('其它存款', 49, 3, 46)
('住房贷款', 53, 3, 52)
('特色贷款', 56, 3, 52)
('消费贷款', 54, 3, 52)
('经营贷款', 55, 3, 52)
('增值服务', 57, 3, 52)
('账户服务', 61, 3, 58)
('便利生活', 60, 3, 58)
('汇款缴费', 59, 3, 58)
('投资理财', 3, 3, 62)
('跨境汇款', 66, 3, 64)
('开户见证', 67, 3, 64)
('境外金融服务', 68, 3, 64)
('其他跨境服务', 69, 3, 64)
('工银汇兑', 65, 3, 64)
('休闲娱乐系列', 73, 3, 70)
('标准产品系列', 71, 3, 70)
('商旅服务系列', 72, 3, 70)
('联名卡产品系列', 76, 3, 75)
('融资租赁', 83, 3, 80)
('网络融资', 87, 3, 80)
('贷款融资', 81, 3, 80)
('结算服务', 22, 3, 80)
('中小企业', 86, 3, 80)
('票据业务', 29, 3, 80)
('其他', 90, 3, 80)
('财智国际', 101, 3, 80)
('企业理财', 84, 3, 80)
('对公存款', 85, 3, 80)
('企业年金服务', 126, 3, 125)
('固定资产类产品', 140, 3, 137)
('小额化产品', 138, 3, 137)
('周转类产品', 139, 3, 137)
('存款服务', 4, 4, 3)
('国债服务', 6, 4, 3)
('基金服务', 7, 4, 3)
('外汇服务', 9, 4, 3)
('理财服务', 5, 4, 3)
('黄金业务', 8, 4, 3)
('外汇业务', 31, 4, 3)
('理财产品', 63, 4, 3)
('期货服务', 11, 4, 3)
('证券服务', 10, 4, 3)
('在线支付', 13, 4, 12)
('信用支付', 14, 4, 12)
('个人手机银行', 18, 4, 15)
('个人网上银行', 16, 4, 15)
('个人电话银行', 17, 4, 15)
('税务服务', 26, 4, 22)
('汇款服务', 21, 4, 22)
('代理业务', 98, 4, 22)
('代发工资代报销', 27, 4, 22)
('公务卡服务', 28, 4, 22)
('票据业务', 29, 4, 22)
('代理行业务', 30, 4, 22)
('存款服务', 4, 4, 22)
('现金管理', 93, 4, 22)
('单位结算账户', 91, 4, 22)
('全球现金管理', 92, 4, 22)
('收款服务', 25, 4, 22)
('电子商业汇票转贴现类产品', 112, 4, 29)
('票据转贴现类产品', 110, 4, 29)
('其他类产品', 114, 4, 29)
('代理业务产品', 113, 4, 29)
('票据贴现类产品', 109, 4, 29)
('电子商业汇票贴现类产品', 111, 4, 29)
('工行对公网上商城', 33, 4, 32)
('信用支付', 14, 4, 32)
('境外卡在线收单', 35, 4, 32)
('电话支付', 34, 4, 32)
('投资交易类', 39, 4, 38)
('区域联名认同卡', 77, 4, 76)
('国内贸易融资', 82, 4, 81)
('房地产开发贷款', 100, 4, 81)
('流动资金贷款', 99, 4, 81)
('特色服务方案', 116, 4, 86)
('特色融资产品', 88, 4, 86)
('商务套餐', 107, 4, 101)
('服务超市', 102, 4, 101)
('投资交易类', 39, 4, 129)
('融资类', 131, 4, 129)
('代客风险管理类', 130, 4, 129)
('交易类', 135, 4, 132)
('承销发行类', 133, 4, 132)
('投融资类', 134, 4, 132)
('区域联名卡', 78, 5, 77)
('小企业贸易融资', 115, 5, 88)
('小企业网络融资', 89, 5, 88)
('应用方案', 97, 5, 92)
('重点产品', 96, 5, 92)
('行业解决方案', 95, 5, 93)
('国内结算业务', 94, 5, 93)
('贸易融资', 104, 5, 102)
('国际融资', 105, 5, 102)
('外汇担保', 106, 5, 102)
('特色产品', 108, 5, 102)
('国际结算', 103, 5, 102)
