('根节点', 0, 0, -1)
('机构业务', 124, 1, 0)
('企业年金', 132, 1, 0)
('个人业务', 43, 1, 0)
('投资银行', 135, 1, 0)
('公司业务', 84, 1, 0)
('金融市场专区', 137, 1, 0)
('电子银行', 1, 1, 0)
('个人金融', 45, 1, 0)
('资产托管', 130, 1, 0)
('牡丹卡', 79, 1, 0)
('小微金融', 149, 1, 0)
('电子银行产品', 2, 2, 1)
('企业电子银行产品', 19, 2, 1)
('银行卡', 44, 2, 43)
('贷款', 56, 2, 45)
('信用卡', 75, 2, 45)
('存款', 50, 2, 45)
('跨境金融', 69, 2, 45)
('银行卡', 46, 2, 45)
('个人服务', 66, 2, 45)
('便利金融', 62, 2, 45)
('卡片世界', 80, 2, 79)
('企业服务', 85, 2, 84)
('产品服务', 125, 2, 124)
('产品推荐', 131, 2, 130)
('年金服务', 133, 2, 132)
('产品服务', 136, 2, 135)
('产品服务', 138, 2, 137)
('信贷产品', 150, 2, 149)
('账户管理', 18, 3, 2)
('安全服务', 25, 3, 2)
('信用卡服务', 24, 3, 2)
('汇款服务', 21, 3, 2)
('投资理财', 3, 3, 2)
('金融a家产品', 14, 3, 2)
('支付缴费', 11, 3, 2)
('安全服务', 26, 3, 19)
('结算服务', 22, 3, 19)
('信贷业务', 42, 3, 19)
('账户管理', 20, 3, 19)
('投资理财', 34, 3, 19)
('电子商务', 37, 3, 19)
('标准借记卡', 47, 3, 46)
('主题借记卡', 48, 3, 46)
('联名借记卡', 49, 3, 46)
('其它存款', 53, 3, 50)
('相关服务', 54, 3, 50)
('活期存款', 51, 3, 50)
('通知存款', 55, 3, 50)
('定期存款', 52, 3, 50)
('特色贷款', 60, 3, 56)
('经营贷款', 59, 3, 56)
('消费贷款', 58, 3, 56)
('增值服务', 61, 3, 56)
('住房贷款', 57, 3, 56)
('便利生活', 64, 3, 62)
('账户服务', 65, 3, 62)
('汇款缴费', 63, 3, 62)
('投资理财', 67, 3, 66)
('开户见证', 72, 3, 69)
('工银汇兑', 70, 3, 69)
('其他跨境服务', 74, 3, 69)
('境外金融服务', 73, 3, 69)
('跨境汇款', 71, 3, 69)
('标准产品系列', 76, 3, 75)
('休闲娱乐系列', 78, 3, 75)
('商旅服务系列', 77, 3, 75)
('联名卡产品系列', 81, 3, 80)
('网络融资', 93, 3, 85)
('中小企业', 92, 3, 85)
('对公存款', 91, 3, 85)
('贷款融资', 86, 3, 85)
('票据业务', 115, 3, 85)
('企业理财', 90, 3, 85)
('结算服务', 88, 3, 85)
('财智国际', 107, 3, 85)
('其他', 96, 3, 85)
('融资租赁', 89, 3, 85)
('银保合作业务', 126, 3, 125)
('银政合作业务', 127, 3, 125)
('银行同业合作业务', 128, 3, 125)
('银期合作业务', 129, 3, 125)
('企业年金服务', 134, 3, 133)
('同业产品', 145, 3, 138)
('公司与机构产品', 141, 3, 138)
('个人产品', 139, 3, 138)
('小额化产品', 151, 3, 150)
('固定资产类产品', 153, 3, 150)
('周转类产品', 152, 3, 150)
('理财服务', 5, 4, 3)
('基金服务', 7, 4, 3)
('存款服务', 4, 4, 3)
('黄金业务', 8, 4, 3)
('证券服务', 10, 4, 3)
('国债服务', 6, 4, 3)
('外汇服务', 9, 4, 3)
('信用支付', 13, 4, 11)
('在线支付', 12, 4, 11)
('个人手机银行', 17, 4, 14)
('个人电话银行', 16, 4, 14)
('个人网上银行', 15, 4, 14)
('票据业务', 32, 4, 22)
('公务卡服务', 31, 4, 22)
('代发工资代报销', 30, 4, 22)
('代理行业务', 33, 4, 22)
('存款服务', 27, 4, 22)
('收款服务', 28, 4, 22)
('税务服务', 29, 4, 22)
('汇款服务', 23, 4, 22)
('基金服务', 7, 4, 34)
('黄金业务', 8, 4, 34)
('证券服务', 10, 4, 34)
('外汇业务', 35, 4, 34)
('国债服务', 6, 4, 34)
('期货服务', 36, 4, 34)
('信用支付', 40, 4, 37)
('工行对公网上商城', 38, 4, 37)
('境外卡在线收单', 41, 4, 37)
('电话支付', 39, 4, 37)
('理财产品', 68, 4, 67)
('区域联名认同卡', 82, 4, 81)
('国内贸易融资', 87, 4, 86)
('流动资金贷款', 105, 4, 86)
('房地产开发贷款', 106, 4, 86)
('现金管理', 99, 4, 88)
('代理业务', 104, 4, 88)
('全球现金管理', 98, 4, 88)
('单位结算账户', 97, 4, 88)
('特色服务方案', 123, 4, 92)
('特色融资产品', 94, 4, 92)
('商务套餐', 113, 4, 107)
('服务超市', 108, 4, 107)
('电子商业汇票贴现类产品', 118, 4, 115)
('票据转贴现类产品', 117, 4, 115)
('代理业务产品', 120, 4, 115)
('其他类产品', 121, 4, 115)
('票据贴现类产品', 116, 4, 115)
('电子商业汇票转贴现类产品', 119, 4, 115)
('投资交易类', 140, 4, 139)
('代客风险管理类', 143, 4, 141)
('融资类', 144, 4, 141)
('投资交易类', 142, 4, 141)
('交易类', 148, 4, 145)
('承销发行类', 146, 4, 145)
('投融资类', 147, 4, 145)
('区域联名卡', 83, 5, 82)
('小企业贸易融资', 122, 5, 94)
('小企业网络融资', 95, 5, 94)
('重点产品', 102, 5, 98)
('应用方案', 103, 5, 98)
('行业解决方案', 101, 5, 99)
('国内结算业务', 100, 5, 99)
('贸易融资', 110, 5, 108)
('国际结算', 109, 5, 108)
('外汇担保', 112, 5, 108)
('特色产品', 114, 5, 108)
('国际融资', 111, 5, 108)
