('根节点', 0, 0, -1)
('机构业务', 127, 1, 0)
('小微金融', 150, 1, 0)
('金融市场专区', 140, 1, 0)
('公司业务', 87, 1, 0)
('个人业务', 46, 1, 0)
('企业年金', 135, 1, 0)
('电子银行', 1, 1, 0)
('投资银行', 138, 1, 0)
('资产托管', 133, 1, 0)
('牡丹卡', 82, 1, 0)
('个人金融', 48, 1, 0)
('产品服务', 43, 1, 0)
('企业电子银行产品', 19, 2, 1)
('电子银行产品', 2, 2, 1)
('个人产品', 44, 2, 43)
('银行卡', 47, 2, 46)
('贷款', 59, 2, 48)
('存款', 53, 2, 48)
('银行卡', 49, 2, 48)
('信用卡', 78, 2, 48)
('便利金融', 65, 2, 48)
('个人服务', 69, 2, 48)
('跨境金融', 72, 2, 48)
('卡片世界', 83, 2, 82)
('企业服务', 88, 2, 87)
('产品服务', 128, 2, 127)
('产品推荐', 134, 2, 133)
('年金服务', 136, 2, 135)
('产品服务', 139, 2, 138)
('产品服务', 141, 2, 140)
('信贷产品', 151, 2, 150)
('支付缴费', 12, 3, 2)
('信用卡服务', 25, 3, 2)
('汇款服务', 22, 3, 2)
('金融a家产品', 15, 3, 2)
('安全服务', 26, 3, 2)
('账户管理', 21, 3, 2)
('投资理财', 3, 3, 2)
('信贷业务', 42, 3, 19)
('结算服务', 23, 3, 19)
('电子商务', 37, 3, 19)
('投资理财', 35, 3, 19)
('账户管理', 20, 3, 19)
('安全服务', 27, 3, 19)
('投资交易类', 45, 3, 44)
('联名借记卡', 52, 3, 49)
('主题借记卡', 51, 3, 49)
('标准借记卡', 50, 3, 49)
('其它存款', 56, 3, 53)
('相关服务', 57, 3, 53)
('通知存款', 58, 3, 53)
('定期存款', 55, 3, 53)
('活期存款', 54, 3, 53)
('特色贷款', 63, 3, 59)
('经营贷款', 62, 3, 59)
('增值服务', 64, 3, 59)
('住房贷款', 60, 3, 59)
('消费贷款', 61, 3, 59)
('账户服务', 68, 3, 65)
('便利生活', 67, 3, 65)
('汇款缴费', 66, 3, 65)
('投资理财', 70, 3, 69)
('跨境汇款', 74, 3, 72)
('境外金融服务', 76, 3, 72)
('开户见证', 75, 3, 72)
('工银汇兑', 73, 3, 72)
('其他跨境服务', 77, 3, 72)
('休闲娱乐系列', 81, 3, 78)
('商旅服务系列', 80, 3, 78)
('标准产品系列', 79, 3, 78)
('联名卡产品系列', 84, 3, 83)
('财智国际', 110, 3, 88)
('对公存款', 94, 3, 88)
('其他', 99, 3, 88)
('融资租赁', 92, 3, 88)
('企业理财', 93, 3, 88)
('中小企业', 95, 3, 88)
('网络融资', 96, 3, 88)
('票据业务', 118, 3, 88)
('结算服务', 91, 3, 88)
('贷款融资', 89, 3, 88)
('银政合作业务', 130, 3, 128)
('银保合作业务', 129, 3, 128)
('银行同业合作业务', 131, 3, 128)
('银期合作业务', 132, 3, 128)
('企业年金服务', 137, 3, 136)
('同业产品', 146, 3, 141)
('个人产品', 44, 3, 141)
('公司与机构产品', 142, 3, 141)
('周转类产品', 153, 3, 151)
('小额化产品', 152, 3, 151)
('固定资产类产品', 154, 3, 151)
('黄金业务', 8, 4, 3)
('理财服务', 5, 4, 3)
('基金服务', 7, 4, 3)
('外汇服务', 9, 4, 3)
('存款服务', 4, 4, 3)
('期货服务', 11, 4, 3)
('证券服务', 10, 4, 3)
('国债服务', 6, 4, 3)
('在线支付', 13, 4, 12)
('信用支付', 14, 4, 12)
('个人电话银行', 17, 4, 15)
('个人网上银行', 16, 4, 15)
('个人手机银行', 18, 4, 15)
('存款服务', 28, 4, 23)
('公务卡服务', 32, 4, 23)
('票据业务', 33, 4, 23)
('税务服务', 30, 4, 23)
('代理行业务', 34, 4, 23)
('汇款服务', 24, 4, 23)
('代发工资代报销', 31, 4, 23)
('收款服务', 29, 4, 23)
('外汇业务', 36, 4, 35)
('期货服务', 11, 4, 35)
('证券服务', 10, 4, 35)
('国债服务', 6, 4, 35)
('黄金业务', 8, 4, 35)
('理财服务', 5, 4, 35)
('基金服务', 7, 4, 35)
('工行对公网上商城', 38, 4, 37)
('信用支付', 40, 4, 37)
('境外卡在线收单', 41, 4, 37)
('电话支付', 39, 4, 37)
('投资交易类', 45, 4, 44)
('理财产品', 71, 4, 70)
('区域联名认同卡', 85, 4, 84)
('房地产开发贷款', 109, 4, 89)
('国内贸易融资', 90, 4, 89)
('流动资金贷款', 108, 4, 89)
('代理业务', 107, 4, 91)
('单位结算账户', 100, 4, 91)
('现金管理', 102, 4, 91)
('全球现金管理', 101, 4, 91)
('特色服务方案', 126, 4, 95)
('特色融资产品', 97, 4, 95)
('服务超市', 111, 4, 110)
('商务套餐', 116, 4, 110)
('其他类产品', 124, 4, 118)
('票据转贴现类产品', 120, 4, 118)
('代理业务产品', 123, 4, 118)
('电子商业汇票贴现类产品', 121, 4, 118)
('电子商业汇票转贴现类产品', 122, 4, 118)
('票据贴现类产品', 119, 4, 118)
('投资交易类', 143, 4, 142)
('融资类', 145, 4, 142)
('代客风险管理类', 144, 4, 142)
('交易类', 149, 4, 146)
('投融资类', 148, 4, 146)
('承销发行类', 147, 4, 146)
('区域联名卡', 86, 5, 85)
('小企业网络融资', 98, 5, 97)
('小企业贸易融资', 125, 5, 97)
('应用方案', 106, 5, 101)
('重点产品', 105, 5, 101)
('行业解决方案', 104, 5, 102)
('国内结算业务', 103, 5, 102)
('特色产品', 117, 5, 111)
('外汇担保', 115, 5, 111)
('贸易融资', 113, 5, 111)
('国际融资', 114, 5, 111)
('国际结算', 112, 5, 111)
